367
1862
2187
3184
3390
3812
3959
4286
4451
4598
4697
4857
5725
6391
6489
6983
6988
7703
8027
8247
9108
9462
9717
9990
10049
11334
11340
11970
12271
13813
13851
14407
15605
16271
16492
17696
18168
18308
18500
19360
20080
20516
21597
21744
21837
21889
21977
22127
22248
22470
22479
22939
23121
23301
23450
23552
23569
23760
24853
24964
25273
25604
26262
27217
27289
27677
27774
28197
28260
28430
31461
31527
31819
32127
32646
32718
33229
33416
33458
33842
34104
34106
34287
34784
34966
34983
35245
35792
36703
37117
37188
37839
37936
37970
38249
38362
38600
38858
38997
39001
39023
39215
39328
39738
39823
40209
40224
41055
41307
41581
41597
41614
41895
42055
42751
42825
42836
44311
44584
44874
45221
46064
46241
46971
48313
48455
48667
49939
